2.506665
4.973798
7.362491
9.635073
11.755705
13.690942
15.410265
16.886559
18.096541
19.021130
19.645745
19.960535
19.960535
19.645745
19.021130
18.096541
16.886559
15.410265
13.690942
11.755705
9.635073
7.362491
4.973798
2.506665
-0.000000
-2.506665
-4.973798
-7.362491
-9.635073
-11.755705
-13.690942
-15.410265
-16.886559
-18.096541
-19.021130
-19.645745
-19.960535
-19.960535
-19.645745
-19.021130
-18.096541
-16.886559
-15.410265
-13.690942
-11.755705
-9.635073
-7.362491
-4.973798
-2.506665
0.000000
2.506665
4.973798
7.362491
9.635073
11.755705
13.690942
15.410265
16.886559
18.096541
19.021130
19.645745
19.960535
19.960535
19.645745
19.021130
18.096541
16.886559
15.410265
13.690942
11.755705
9.635073
7.362491
4.973798
2.506665
0.000000
-2.506665
-4.973798
-7.362491
-9.635073
-11.755705
-13.690942
-15.410265
-16.886559
-18.096541
-19.021130
-19.645745
-19.960535
-19.960535
-19.645745
-19.021130
-18.096541
-16.886559
-15.410265
-13.690942
-11.755705
-9.635073
-7.362491
-4.973798
-2.506665
-0.000000
2.506665
4.973798
7.362491
9.635073
11.755705
13.690942
15.410265
16.886559
18.096541
19.021130
19.645745
19.960535
19.960535
19.645745
19.021130
18.096541
16.886559
15.410265
13.690942
11.755705
9.635073
7.362491
4.973798
2.506665
0.000000
-2.506665
-4.973798
-7.362491
-9.635073
-11.755705
-13.690942
-15.410265
-16.886559
-18.096541
-19.021130
-19.645745
-19.960535
-19.960535
-19.645745
-19.021130
-18.096541
-16.886559
-15.410265
-13.690942
-11.755705
-9.635073
-7.362491
-4.973798
-2.506665
-0.000000
2.506665
4.973798
7.362491
9.635073
11.755705
13.690942
15.410265
16.886559
18.096541
19.021130
19.645745
19.960535
19.960535
19.645745
19.021130
18.096541
16.886559
15.410265
13.690942
11.755705
9.635073
7.362491
4.973798
2.506665
0.000000
-2.506665
-4.973798
-7.362491
-9.635073
-11.755705
-13.690942
-15.410265
-16.886559
-18.096541
-19.021130
-19.645745
-19.960535
-19.960535
-19.645745
-19.021130
-18.096541
-16.886559
-15.410265
-13.690942
-11.755705
-9.635073
-7.362491
-4.973798
-2.506665
-0.000000
2.506665
4.973798
7.362491
9.635073
11.755705
13.690942
15.410265
16.886559
18.096541
19.021130
19.645745
19.960535
19.960535
19.645745
19.021130
18.096541
16.886559
15.410265
13.690942
11.755705
9.635073
7.362491
4.973798
2.506665
0.000000
-2.506665
-4.973798
-7.362491
-9.635073
-11.755705
-13.690942
-15.410265
-16.886559
-18.096541
-19.021130
-19.645745
-19.960535
-19.960535
-19.645745
-19.021130
-18.096541
-16.886559
-15.410265
-13.690942
-11.755705
-9.635073
-7.362491
-4.973798
-2.506665
-0.000000
2.506665
4.973798
7.362491
9.635073
11.755705
13.690942
15.410265
16.886559
18.096541
19.021130
19.645745
19.960535
19.960535
19.645745
19.021130
18.096541
16.886559
15.410265
13.690942
11.755705
9.635073
7.362491
4.973798
2.506665
0.000000
-2.506665
-4.973798
-7.362491
-9.635073
-11.755705
-13.690942
-15.410265
-16.886559
-18.096541
-19.021130
-19.645745
-19.960535
-19.960535
-19.645745
-19.021130
-18.096541
-16.886559
-15.410265
-13.690942
-11.755705
-9.635073
-7.362491
-4.973798
-2.506665
-0.000000
2.506665
4.973798
7.362491
9.635073
11.755705
13.690942
15.410265
16.886559
18.096541
19.021130
19.645745
19.960535
19.960535
19.645745
19.021130
18.096541
16.886559
15.410265
13.690942
11.755705
9.635073
7.362491
4.973798
2.506665
0.000000
-2.506665
-4.973798
-7.362491
-9.635073
-11.755705
-13.690942
-15.410265
-16.886559
-18.096541
-19.021130
-19.645745
-19.960535
-19.960535
-19.645745
-19.021130
-18.096541
-16.886559
-15.410265
-13.690942
-11.755705
-9.635073
-7.362491
-4.973798
-2.506665
-0.000000
2.506665
4.973798
7.362491
9.635073
11.755705
13.690942
15.410265
16.886559
18.096541
19.021130
19.645745
19.960535
19.960535
19.645745
19.021130
18.096541
16.886559
15.410265
13.690942
11.755705
9.635073
7.362491
4.973798
2.506665
0.000000
-2.506665
-4.973798
-7.362491
-9.635073
-11.755705
-13.690942
-15.410265
-16.886559
-18.096541
-19.021130
-19.645745
-19.960535
-19.960535
-19.645745
-19.021130
-18.096541
-16.886559
-15.410265
-13.690942
-11.755705
-9.635073
-7.362491
-4.973798
-2.506665
-0.000000
2.506665
4.973798
7.362491
9.635073
11.755705
13.690942
15.410265
16.886559
18.096541
19.021130
19.645745
19.960535
19.960535
19.645745
19.021130
18.096541
16.886559
15.410265
13.690942
11.755705
9.635073
7.362491
4.973798
2.506665
0.000000
-2.506665
-4.973798
-7.362491
-9.635073
-11.755705
-13.690942
-15.410265
-16.886559
-18.096541
-19.021130
-19.645745
-19.960535
-19.960535
-19.645745
-19.021130
-18.096541
-16.886559
-15.410265
-13.690942
-11.755705
-9.635073
-7.362491
-4.973798
-2.506665
-0.000000
2.506665
4.973798
7.362491
9.635073
11.755705
13.690942
15.410265
16.886559
18.096541
19.021130
19.645745
19.960535
19.960535
19.645745
19.021130
18.096541
16.886559
15.410265
13.690942
11.755705
9.635073
7.362491
4.973798
2.506665
0.000000
-2.506665
-4.973798
-7.362491
-9.635073
-11.755705
-13.690942
-15.410265
-16.886559
-18.096541
-19.021130
-19.645745
-19.960535
-19.960535
-19.645745
-19.021130
-18.096541
-16.886559
-15.410265
-13.690942
-11.755705
-9.635073
-7.362491
-4.973798
-2.506665
-0.000000
